Neural Network with 50 hidden nodes and momentum 0.9 had a final training accuracy of 0.19
 and a test accuracy of 0.1892 after 10 epochs
Test Confusion Matrix: 
[[   0.    0.    0.    0.    0.    0.    0.    0.    0.    0.    0.]
 [   0.   75.   75.   54.   50.   25.   25.   21.    0.    0.    0.]
 [   0.  100.  100.  100.  100.  100.   75.   75.   75.   75.   50.]
 [   0.   50.   31.   48.   50.   50.   18.    0.    0.    0.    0.]
 [   0.    0.    0.    0.    0.    0.    0.    0.    0.    0.    0.]
 [   0.   25.   25.   25.   25.   25.   25.   25.   25.   25.   25.]
 [   0.    0.    0.    0.    0.   25.   25.    0.    0.    0.    0.]
 [   0.    0.   19.   23.   25.   25.   25.   25.   25.   25.   25.]
 [   0.    0.    0.    0.    0.    0.   32.   25.   25.   25.    0.]
 [   0.    0.    0.    0.    0.    0.    0.   29.   50.   25.   25.]
 [   0.    0.    0.    0.    0.    0.   25.   50.   50.   75.  125.]]
training accuracy history: 
[0.10000000000000001, 0.10000000000000001, 0.10266666666666667, 0.10199999999999999, 0.1216, 0.13466666666666666, 0.15828571428571428, 0.17499999999999999, 0.17777777777777778, 0.19]
test accuracy history: 
[0.10000000000000001, 0.10000000000000001, 0.10266666666666667, 0.10199999999999999, 0.1216, 0.13466666666666666, 0.15828571428571428, 0.17399999999999999, 0.1768888888888889, 0.18920000000000001]